('D = ', [-0.10693640214139437, 0.1643077727879133, 0.0013230569924994186, 0.0008072998526867067, 0.0])
('K = ', [802.7323986687306, 0.0, 307.56287201950806, 0.0, 798.8077656544357, 253.34163489673176, 0.0, 0.0, 1.0])
('R = ', [1.0, 0.0, 0.0, 0.0, 1.0, 0.0, 0.0, 0.0, 1.0])
('P = ', [791.0297241210938, 0.0, 307.1890223823739, 0.0, 0.0, 790.272705078125, 253.29885405923415, 0.0, 0.0, 0.0, 1.0, 0.0])
# oST version 5.0 parameters


[image]

width
640

height
480

[narrow_stereo]

camera matrix
802.732399 0.000000 307.562872
0.000000 798.807766 253.341635
0.000000 0.000000 1.000000

distortion
-0.106936 0.164308 0.001323 0.000807 0.000000

rectification
1.000000 0.000000 0.000000
0.000000 1.000000 0.000000
0.000000 0.000000 1.000000

projection
791.029724 0.000000 307.189022 0.000000
0.000000 790.272705 253.298854 0.000000
0.000000 0.000000 1.000000 0.000000

